0 0.0498007
0.01 0.0498007
0.02 0.0498007
0.03 0.0498007
0.04 0.0498007
0.05 0.0498007
0.06 0.0498007
0.07 0.0498007
0.08 0.0498007
0.09 0.0498007
0.1 0.0498007
0.11 0.0498007
0.12 0.0498007
0.13 0.0498007
0.14 0.0498007
0.15 0.0498007
0.16 0.0498007
0.17 0.0498007
0.18 0.0498007
0.19 0.0498007
0.2 0.0498007
0.21 0.0498007
0.22 0.0498007
0.23 0.0498007
0.24 0.0498007
0.25 0.0498007
0.26 0.0498007
0.27 0.0498007
0.28 0.0498007
0.29 0.0498007
0.3 0.0498007
0.31 0.0498007
0.32 0.0498007
0.33 0.0498007
0.34 0.0498007
0.35 0.0498007
0.36 0.0498007
0.37 0.0498007
0.38 0.0498007
0.39 0.0498007
0.4 0.0498007
0.41 0.0498007
0.42 0.0498007
0.43 0.0498007
0.44 0.0498007
0.45 0.0498007
0.46 0.0498007
0.47 0.0498007
0.48 0.0498007
0.49 0.0498007
0.5 0.0498007
0.51 0.0498007
0.52 0.0498007
0.53 0.0498007
0.54 0.0498007
0.55 0.0498007
0.56 0.0498007
0.57 0.0498007
0.58 0.0498007
0.59 0.0498007
0.6 0.0498007
0.61 0.0498007
0.62 0.0498007
0.63 0.0498007
0.64 0.0498007
0.65 0.0498007
0.66 0.0498007
0.67 0.0498007
0.68 0.0498007
0.69 0.0498007
0.7 0.0498007
0.71 0.0498007
0.72 0.0498007
0.73 0.0498007
0.74 0.0498007
0.75 0.0498007
0.76 0.0498007
0.77 0.0498007
0.78 0.0498007
0.79 0.0498007
0.8 0.0498007
0.81 0.0498007
0.82 0.0498007
0.83 0.0498007
0.84 0.0498007
0.85 0.0498007
0.86 0.0498007
0.87 0.0498007
0.88 0.0498007
0.89 0.0498007
0.9 0.0498007
0.91 0.0498007
0.92 0.0498007
0.93 0.0498007
0.94 0.0498007
0.95 0.0498007
0.96 0.0498007
0.97 0.0498007
0.98 0.0498007
0.99 0.0498007
1 0.0498007
1.01 0.0498007
1.02 0.0498007
1.03 0.0498007
1.04 0.0498007
1.05 0.0498007
1.06 0.0498007
1.07 0.0498007
1.08 0.0498007
1.09 0.0498007
1.1 0.0498007
1.11 0.0498007
1.12 0.0498007
1.13 0.0498007
1.14 0.0498007
1.15 0.0498007
1.16 0.0498007
1.17 0.0498007
1.18 0.0498007
1.19 0.0498007
1.2 0.0498007
1.21 0.0498007
1.22 0.0498007
1.23 0.0498007
1.24 0.0498007
1.25 0.0498007
1.26 0.0498007
1.27 0.0498007
1.28 0.0498007
1.29 0.0498007
1.3 0.0498007
1.31 0.0498007
1.32 0.0498007
1.33 0.0498007
1.34 0.0498007
1.35 0.0498007
1.36 0.0498007
1.37 0.0498007
1.38 0.0498007
1.39 0.0498007
1.4 0.0498007
1.41 0.0498007
1.42 0.0498007
1.43 0.0498007
1.44 0.0498007
1.45 0.0498007
1.46 0.0498007
1.47 0.0498007
1.48 0.0498007
1.49 0.0498007
1.5 0.0498007
1.51 0.0498007
1.52 0.0498007
1.53 0.0498007
1.54 0.0498007
1.55 0.0498007
1.56 0.0498007
1.57 0.0498007
1.58 0.0498007
1.59 0.0498007
1.6 0.0498007
1.61 0.0498007
1.62 0.0498007
1.63 0.0498007
1.64 0.0498007
1.65 0.0498007
1.66 0.0498007
1.67 0.0498007
1.68 0.0498007
1.69 0.0498007
1.7 0.0498007
1.71 0.0498007
1.72 0.0498007
1.73 0.0498007
1.74 0.0498007
1.75 0.0498007
1.76 0.0498007
1.77 0.0498007
1.78 0.0498007
1.79 0.0498007
1.8 0.0498007
1.81 0.0498007
1.82 0.0498007
1.83 0.0498007
1.84 0.0498007
1.85 0.0498007
1.86 0.0498007
1.87 0.0498007
1.88 0.0498007
1.89 0.0498007
1.9 0.0498007
1.91 0.0498007
1.92 0.0498007
1.93 0.0498007
1.94 0.0498007
1.95 0.0498007
1.96 0.0498007
1.97 0.0498007
1.98 0.0498007
1.99 0.0498007
2 0.0498007
2.01 0.0498007
2.02 0.0498007
2.03 0.0498007
2.04 0.0498007
2.05 0.0498007
2.06 0.0498007
2.07 0.0498007
2.08 0.0498007
2.09 0.0498007
2.1 0.0498007
2.11 0.0498007
2.12 0.0498007
2.13 0.0498007
2.14 0.0498007
2.15 0.0498007
2.16 0.0498007
2.17 0.0498007
2.18 0.0498007
2.19 0.0498007
2.2 0.0498007
2.21 0.0498007
2.22 0.0498007
2.23 0.0498007
2.24 0.0498007
2.25 0.0498007
2.26 0.0498007
2.27 0.0498007
2.28 0.0498007
2.29 0.0498007
2.3 0.0498007
2.31 0.0498007
2.32 0.0498007
2.33 0.0498007
2.34 0.0498007
2.35 0.0498007
2.36 0.0498007
2.37 0.0498007
2.38 0.0498007
2.39 0.0498007
2.4 0.0498007
2.41 0.0498007
2.42 0.0498007
2.43 0.0498007
2.44 0.0498007
2.45 0.0498007
2.46 0.0498007
2.47 0.0498007
2.48 0.0498007
2.49 0.0498007
2.5 0.0498007
2.51 0.0498007
2.52 0.0498007
2.53 0.0498007
2.54 0.0498007
2.55 0.0498007
2.56 0.0498007
2.57 0.0498007
2.58 0.0498007
2.59 0.0498007
2.6 0.0498007
2.61 0.0498007
2.62 0.0498007
2.63 0.0498007
2.64 0.0498007
2.65 0.0498007
2.66 0.0498007
2.67 0.0498007
2.68 0.0498007
2.69 0.0498007
2.7 0.0498007
2.71 0.0498007
2.72 0.0498007
2.73 0.0498007
2.74 0.0498007
2.75 0.0498007
2.76 0.0498007
2.77 0.0498007
2.78 0.0498007
2.79 0.0498007
2.8 0.0498007
2.81 0.0498007
2.82 0.0498007
2.83 0.0498007
2.84 0.0498007
2.85 0.0498007
2.86 0.0498007
2.87 0.0498007
2.88 0.0498007
2.89 0.0498007
2.9 0.0498007
2.91 0.0498007
2.92 0.0498007
2.93 0.0498007
2.94 0.0498007
2.95 0.0498007
2.96 0.0498007
2.97 0.0498007
2.98 0.0498007
2.99 0.0498007
3 0.0498007
3.01 0.0498007
3.02 0.0498007
3.03 0.0498007
3.04 0.0498007
3.05 0.0498007
3.06 0.0498007
3.07 0.0498007
3.08 0.0498007
3.09 0.0498007
3.1 0.0498007
3.11 0.0498007
3.12 0.0498007
3.13 0.0498007
3.14 0.0498007
3.15 0.0498007
3.16 0.0498007
3.17 0.0498007
3.18 0.0498007
3.19 0.0498007
3.2 0.0498007
3.21 0.0498007
3.22 0.0498007
3.23 0.0498007
3.24 0.0498007
3.25 0.0498007
3.26 0.0498007
3.27 0.0498007
3.28 0.0498007
3.29 0.0498007
3.3 0.0498007
3.31 0.0498007
3.32 0.0498007
3.33 0.0498007
3.34 0.0498007
3.35 0.0498007
3.36 0.0498007
3.37 0.0498007
3.38 0.0498007
3.39 0.0498007
3.4 0.0498007
3.41 0.0498007
3.42 0.0498007
3.43 0.0498007
3.44 0.0498007
3.45 0.0498007
3.46 0.0498007
3.47 0.0498007
3.48 0.0498007
3.49 0.0498007
3.5 0.0498007
3.51 0.0498007
3.52 0.0498007
3.53 0.0498007
3.54 0.0498007
3.55 0.0498007
3.56 0.0498007
3.57 0.0498007
3.58 0.0498007
3.59 0.0498007
3.6 0.0498007
3.61 0.0498007
3.62 0.0498007
3.63 0.0498007
3.64 0.0498007
3.65 0.0498007
3.66 0.0498007
3.67 0.0498007
3.68 0.0498007
3.69 0.0498007
3.7 0.0498007
3.71 0.0498007
3.72 0.0498007
3.73 0.0498007
3.74 0.0498007
3.75 0.0498007
3.76 0.0498007
3.77 0.0498007
3.78 0.0498007
3.79 0.0498007
3.8 0.0498007
3.81 0.0498007
3.82 0.0498007
3.83 0.0498007
3.84 0.0498007
3.85 0.0498007
3.86 0.0498007
3.87 0.0498007
3.88 0.0498007
3.89 0.0498007
3.9 0.0498007
3.91 0.0498007
3.92 0.0498007
3.93 0.0498007
3.94 0.0498007
3.95 0.0498007
3.96 0.0498007
3.97 0.0498007
3.98 0.0498007
3.99 0.0498007
4 0.0498007
4.01 0.0498007
4.02 0.0498007
4.03 0.0498007
4.04 0.0498007
4.05 0.0498007
4.06 0.0498007
4.07 0.0498007
4.08 0.0498007
4.09 0.0498007
4.1 0.0498007
4.11 0.0498007
4.12 0.0498007
4.13 0.0498007
4.14 0.0498007
4.15 0.0498007
4.16 0.0498007
4.17 0.0498007
4.18 0.0498007
4.19 0.0498007
4.2 0.0498007
4.21 0.0498007
4.22 0.0498007
4.23 0.0498007
4.24 0.0498007
4.25 0.0498007
4.26 0.0498007
4.27 0.0498007
4.28 0.0498007
4.29 0.0498007
4.3 0.0498007
4.31 0.0498007
4.32 0.0498007
4.33 0.0498007
4.34 0.0498007
4.35 0.0498007
4.36 0.0498007
4.37 0.0498007
4.38 0.0498007
4.39 0.0498007
4.4 0.0498007
4.41 0.0498007
4.42 0.0498007
4.43 0.0498007
4.44 0.0498007
4.45 0.0498007
4.46 0.0498007
4.47 0.0498007
4.48 0.0498007
4.49 0.0498007
4.5 0.0498007
4.51 0.0498007
4.52 0.0498007
4.53 0.0498007
4.54 0.0498007
4.55 0.0498007
4.56 0.0498007
4.57 0.0498007
4.58 0.0498007
4.59 0.0498007
4.6 0.0498007
4.61 0.0498007
4.62 0.0498007
4.63 0.0498007
4.64 0.0498007
4.65 0.0498007
4.66 0.0498007
4.67 0.0498007
4.68 0.0498007
4.69 0.0498007
4.7 0.0498007
4.71 0.0498007
4.72 0.0498007
4.73 0.0498007
4.74 0.0498007
4.75 0.0498007
4.76 0.0498007
4.77 0.0498007
4.78 0.0498007
4.79 0.0498007
4.8 0.0498007
4.81 0.0498007
4.82 0.0498007
4.83 0.0498007
4.84 0.0498007
4.85 0.0498007
4.86 0.0498007
4.87 0.0498007
4.88 0.0498007
4.89 0.0498007
4.9 0.0498007
4.91 0.0498007
4.92 0.0498007
4.93 0.0498007
4.94 0.0498007
4.95 0.0498007
4.96 0.0498007
4.97 0.0498007
4.98 0.0498007
4.99 0.0498007
5 0.0498007
5.01 0.0498007
5.02 0.0498007
5.03 0.0498007
5.04 0.0498007
5.05 0.0498007
5.06 0.0498007
5.07 0.0498007
5.08 0.0498007
5.09 0.0498007
5.1 0.0498007
5.11 0.0498007
5.12 0.0498007
5.13 0.0498007
5.14 0.0498007
5.15 0.0498007
5.16 0.0498007
5.17 0.0498007
5.18 0.0498007
5.19 0.0498007
5.2 0.0498007
5.21 0.0498007
5.22 0.0498007
5.23 0.0498007
5.24 0.0498007
5.25 0.0498007
5.26 0.0498007
5.27 0.0498007
5.28 0.0498007
5.29 0.0498007
5.3 0.0498007
5.31 0.0498007
5.32 0.0498007
5.33 0.0498007
5.34 0.0498007
5.35 0.0498007
5.36 0.0498007
5.37 0.0498007
5.38 0.0498007
5.39 0.0498007
5.4 0.0498007
5.41 0.0498007
5.42 0.0498007
5.43 0.0498007
5.44 0.0498007
5.45 0.0498007
5.46 0.0498007
5.47 0.0498007
5.48 0.0498007
5.49 0.0498007
5.5 0.0498007
5.51 0.0498007
5.52 0.0498007
5.53 0.0498007
5.54 0.0498007
5.55 0.0498007
5.56 0.0498007
5.57 0.0498007
5.58 0.0498007
5.59 0.0498007
5.6 0.0498007
5.61 0.0498007
5.62 0.0498007
5.63 0.0498007
5.64 0.0498007
5.65 0.0498007
5.66 0.0498007
5.67 0.0498007
5.68 0.0498007
5.69 0.0498007
5.7 0.0498007
5.71 0.0498007
5.72 0.0498007
5.73 0.0498007
5.74 0.0498007
5.75 0.0498007
5.76 0.0498007
5.77 0.0498007
5.78 0.0498007
5.79 0.0498007
5.8 0.0498007
5.81 0.0498007
5.82 0.0498007
5.83 0.0498007
5.84 0.0498007
5.85 0.0498007
5.86 0.0498007
5.87 0.0498007
5.88 0.0498007
5.89 0.0498007
5.9 0.0498007
5.91 0.0498007
5.92 0.0498007
5.93 0.0498007
5.94 0.0498007
5.95 0.0498007
5.96 0.0498007
5.97 0.0498007
5.98 0.0498007
5.99 0.0498007
6 0.0498007
6.01 0.0498007
6.02 0.0498007
6.03 0.0498007
6.04 0.0498007
6.05 0.0498007
6.06 0.0498007
6.07 0.0498007
6.08 0.0498007
6.09 0.0498007
6.1 0.0498007
6.11 0.0498007
6.12 0.0498007
6.13 0.0498007
6.14 0.0498007
6.15 0.0498007
6.16 0.0498007
6.17 0.0498007
6.18 0.0498007
6.19 0.0498007
6.2 0.0498007
6.21 0.0498007
6.22 0.0498007
6.23 0.0498007
6.24 0.0498007
6.25 0.0498007
6.26 0.0498007
6.27 0.0498007
6.28 0.0498007
6.29 0.0498007
6.3 0.0498007
6.31 0.0498007
6.32 0.0498007
6.33 0.0498007
6.34 0.0498007
6.35 0.0498007
6.36 0.0498007
6.37 0.0498007
6.38 0.0498007
6.39 0.0498007
6.4 0.0498007
6.41 0.0498007
6.42 0.0498007
6.43 0.0498007
6.44 0.0498007
6.45 0.0498007
6.46 0.0498007
6.47 0.0498007
6.48 0.0498007
6.49 0.0498007
6.5 0.0498007
6.51 0.0498007
6.52 0.0498007
6.53 0.0498007
6.54 0.0498007
6.55 0.0498007
6.56 0.0498007
6.57 0.0498007
6.58 0.0498007
6.59 0.0498007
6.6 0.0498007
6.61 0.0498007
6.62 0.0498007
6.63 0.0498007
6.64 0.0498007
6.65 0.0498007
6.66 0.0498007
6.67 0.0498007
6.68 0.0498007
6.69 0.0498007
6.7 0.0498007
6.71 0.0498007
6.72 0.0498007
6.73 0.0498007
6.74 0.0498007
6.75 0.0498007
6.76 0.0498007
6.77 0.0498007
6.78 0.0498007
6.79 0.0498007
6.8 0.0498007
6.81 0.0498007
6.82 0.0498007
6.83 0.0498007
6.84 0.0498007
6.85 0.0498007
6.86 0.0498007
6.87 0.0498007
6.88 0.0498007
6.89 0.0498007
6.9 0.0498007
6.91 0.0498007
6.92 0.0498007
6.93 0.0498007
6.94 0.0498007
6.95 0.0498007
6.96 0.0498007
6.97 0.0498007
6.98 0.0498007
6.99 0.0498007
7 0.0498007
7.01 0.0498007
7.02 0.0498007
7.03 0.0498007
7.04 0.0498007
7.05 0.0498007
7.06 0.0498007
7.07 0.0498007
7.08 0.0498007
7.09 0.0498007
7.1 0.0498007
7.11 0.0498007
7.12 0.0498007
7.13 0.0498007
7.14 0.0498007
7.15 0.0498007
7.16 0.0498007
7.17 0.0498007
7.18 0.0498007
7.19 0.0498007
7.2 0.0498007
7.21 0.0498007
7.22 0.0498007
7.23 0.0498007
7.24 0.0498007
7.25 0.0498007
7.26 0.0498007
7.27 0.0498007
7.28 0.0498007
7.29 0.0498007
7.3 0.0498007
7.31 0.0498007
7.32 0.0498007
7.33 0.0498007
7.34 0.0498007
7.35 0.0498007
7.36 0.0498007
7.37 0.0498007
7.38 0.0498007
7.39 0.0498007
7.4 0.0498007
7.41 0.0498007
7.42 0.0498007
7.43 0.0498007
7.44 0.0498007
7.45 0.0498007
7.46 0.0498007
7.47 0.0498007
7.48 0.0498007
7.49 0.0498007
7.5 0.0498007
7.51 0.0498007
7.52 0.0498007
7.53 0.0498007
7.54 0.0498007
7.55 0.0498007
7.56 0.0498007
7.57 0.0498007
7.58 0.0498007
7.59 0.0498007
7.6 0.0498007
7.61 0.0498007
7.62 0.0498007
7.63 0.0498007
7.64 0.0498007
7.65 0.0498007
7.66 0.0498007
7.67 0.0498007
7.68 0.0498007
7.69 0.0498007
7.7 0.0498007
7.71 0.0498007
7.72 0.0498007
7.73 0.0498007
7.74 0.0498007
7.75 0.0498007
7.76 0.0498007
7.77 0.0498007
7.78 0.0498007
7.79 0.0498007
7.8 0.0498007
7.81 0.0498007
7.82 0.0498007
7.83 0.0498007
7.84 0.0498007
7.85 0.0498007
7.86 0.0498007
7.87 0.0498007
7.88 0.0498007
7.89 0.0498007
7.9 0.0498007
7.91 0.0498007
7.92 0.0498007
7.93 0.0498007
7.94 0.0498007
7.95 0.0498007
7.96 0.0498007
7.97 0.0498007
7.98 0.0498007
7.99 0.0498007
8 0.0498007
8.01 0.0498007
8.02 0.0498007
8.03 0.0498007
8.04 0.0498007
8.05 0.0498007
8.06 0.0498007
8.07 0.0498007
8.08 0.0498007
8.09 0.0498007
8.1 0.0498007
8.11 0.0498007
8.12 0.0498007
8.13 0.0498007
8.14 0.0498007
8.15 0.0498007
8.16 0.0498007
8.17 0.0498007
8.18 0.0498007
8.19 0.0498007
8.2 0.0498007
8.21 0.0498007
8.22 0.0498007
8.23 0.0498007
8.24 0.0498007
8.25 0.0498007
8.26 0.0498007
8.27 0.0498007
8.28 0.0498007
8.29 0.0498007
8.3 0.0498007
8.31 0.0498007
8.32 0.0498007
8.33 0.0498007
8.34 0.0498007
8.35 0.0498007
8.36 0.0498007
8.37 0.0498007
8.38 0.0498007
8.39 0.0498007
8.4 0.0498007
8.41 0.0498007
8.42 0.0498007
8.43 0.0498007
8.44 0.0498007
8.45 0.0498007
8.46 0.0498007
8.47 0.0498007
8.48 0.0498007
8.49 0.0498007
8.5 0.0498007
8.51 0.0498007
8.52 0.0498007
8.53 0.0498007
8.54 0.0498007
8.55 0.0498007
8.56 0.0498007
8.57 0.0498007
8.58 0.0498007
8.59 0.0498007
8.6 0.0498007
8.61 0.0498007
8.62 0.0498007
8.63 0.0498007
8.64 0.0498007
8.65 0.0498007
8.66 0.0498007
8.67 0.0498007
8.68 0.0498007
8.69 0.0498007
8.7 0.0498007
8.71 0.0498007
8.72 0.0498007
8.73 0.0498007
8.74 0.0498007
8.75 0.0498007
8.76 0.0498007
8.77 0.0498007
8.78 0.0498007
8.79 0.0498007
8.8 0.0498007
8.81 0.0498007
8.82 0.0498007
8.83 0.0498007
8.84 0.0498007
8.85 0.0498007
8.86 0.0498007
8.87 0.0498007
8.88 0.0498007
8.89 0.0498007
8.9 0.0498007
8.91 0.0498007
8.92 0.0498007
8.93 0.0498007
8.94 0.0498007
8.95 0.0498007
8.96 0.0498007
8.97 0.0498007
8.98 0.0498007
8.99 0.0498007
9 0.0498007
9.01 0.0498007
9.02 0.0498007
9.03 0.0498007
9.04 0.0498007
9.05 0.0498007
9.06 0.0498007
9.07 0.0498007
9.08 0.0498007
9.09 0.0498007
9.1 0.0498007
9.11 0.0498007
9.12 0.0498007
9.13 0.0498007
9.14 0.0498007
9.15 0.0498007
9.16 0.0498007
9.17 0.0498007
9.18 0.0498007
9.19 0.0498007
9.2 0.0498007
9.21 0.0498007
9.22 0.0498007
9.23 0.0498007
9.24 0.0498007
9.25 0.0498007
9.26 0.0498007
9.27 0.0498007
9.28 0.0498007
9.29 0.0498007
9.3 0.0498007
9.31 0.0498007
9.32 0.0498007
9.33 0.0498007
9.34 0.0498007
9.35 0.0498007
9.36 0.0498007
9.37 0.0498007
9.38 0.0498007
9.39 0.0498007
9.4 0.0498007
9.41 0.0498007
9.42 0.0498007
9.43 0.0498007
9.44 0.0498007
9.45 0.0498007
9.46 0.0498007
9.47 0.0498007
9.48 0.0498007
9.49 0.0498007
9.5 0.0498007
9.51 0.0498007
9.52 0.0498007
9.53 0.0498007
9.54 0.0498007
9.55 0.0498007
9.56 0.0498007
9.57 0.0498007
9.58 0.0498007
9.59 0.0498007
9.6 0.0498007
9.61 0.0498007
9.62 0.0498007
9.63 0.0498007
9.64 0.0498007
9.65 0.0498007
9.66 0.0498007
9.67 0.0498007
9.68 0.0498007
9.69 0.0498007
9.7 0.0498007
9.71 0.0498007
9.72 0.0498007
9.73 0.0498007
9.74 0.0498007
9.75 0.0498007
9.76 0.0498007
9.77 0.0498007
9.78 0.0498007
9.79 0.0498007
9.8 0.0498007
9.81 0.0498007
9.82 0.0498007
9.83 0.0498007
9.84 0.0498007
9.85 0.0498007
9.86 0.0498007
9.87 0.0498007
9.88 0.0498007
9.89 0.0498007
9.9 0.0498007
9.91 0.0498007
9.92 0.0498007
9.93 0.0498007
9.94 0.0498007
9.95 0.0498007
9.96 0.0498007
9.97 0.0498007
9.98 0.0498007
9.99 0.0498007
10 0.0498007
10.01 0.0498007
10.02 0.0498007
10.03 0.0498007
10.04 0.0498007
10.05 0.0498007
10.06 0.0498007
10.07 0.0498007
10.08 0.0498007
10.09 0.0498007
10.1 0.0498007
10.11 0.0498007
10.12 0.0498007
10.13 0.0498007
10.14 0.0498007
10.15 0.0498007
10.16 0.0498007
10.17 0.0498007
10.18 0.0498007
10.19 0.0498007
10.2 0.0498007
10.21 0.0498007
10.22 0.0498007
10.23 0.0498007
10.24 0.0498007
10.25 0.0498007
10.26 0.0498007
10.27 0.0498007
10.28 0.0498007
10.29 0.0498007
10.3 0.0498007
10.31 0.0498007
10.32 0.0498007
10.33 0.0498007
10.34 0.0498007
10.35 0.0498007
10.36 0.0498007
10.37 0.0498007
10.38 0.0498007
10.39 0.0498007
10.4 0.0498007
10.41 0.0498007
10.42 0.0498007
10.43 0.0498007
10.44 0.0498007
10.45 0.0498007
10.46 0.0498007
10.47 0.0498007
10.48 0.0498007
10.49 0.0498007
10.5 0.0498007
10.51 0.0498007
10.52 0.0498007
10.53 0.0498007
10.54 0.0498007
10.55 0.0498007
10.56 0.0498007
10.57 0.0498007
10.58 0.0498007
10.59 0.0498007
10.6 0.0498007
10.61 0.0498007
10.62 0.0498007
10.63 0.0498007
10.64 0.0498007
10.65 0.0498007
10.66 0.0498007
10.67 0.0498007
10.68 0.0498007
10.69 0.0498007
10.7 0.0498007
10.71 0.0498007
10.72 0.0498007
10.73 0.0498007
10.74 0.0498007
10.75 0.0498007
10.76 0.0498007
10.77 0.0498007
10.78 0.0498007
10.79 0.0498007
10.8 0.0498007
10.81 0.0498007
10.82 0.0498007
10.83 0.0498007
10.84 0.0498007
10.85 0.0498007
10.86 0.0498007
10.87 0.0498007
10.88 0.0498007
10.89 0.0498007
10.9 0.0498007
10.91 0.0498007
10.92 0.0498007
10.93 0.0498007
10.94 0.0498007
10.95 0.0498007
10.96 0.0498007
10.97 0.0498007
10.98 0.0498007
10.99 0.0498007
11 0.0498007
11.01 0.0498007
11.02 0.0498007
11.03 0.0498007
11.04 0.0498007
11.05 0.0498007
11.06 0.0498007
11.07 0.0498007
11.08 0.0498007
11.09 0.0498007
11.1 0.0498007
11.11 0.0498007
11.12 0.0498007
11.13 0.0498007
11.14 0.0498007
11.15 0.0498007
11.16 0.0498007
11.17 0.0498007
11.18 0.0498007
11.19 0.0498007
11.2 0.0498007
11.21 0.0498007
11.22 0.0498007
11.23 0.0498007
11.24 0.0498007
11.25 0.0498007
11.26 0.0498007
11.27 0.0498007
11.28 0.0498007
11.29 0.0498007
11.3 0.0498007
11.31 0.0498007
11.32 0.0498007
11.33 0.0498007
11.34 0.0498007
11.35 0.0498007
11.36 0.0498007
11.37 0.0498007
11.38 0.0498007
11.39 0.0498007
11.4 0.0498007
11.41 0.0498007
11.42 0.0498007
11.43 0.0498007
11.44 0.0498007
11.45 0.0498007
11.46 0.0498007
11.47 0.0498007
11.48 0.0498007
11.49 0.0498007
11.5 0.0498007
11.51 0.0498007
11.52 0.0498007
11.53 0.0498007
11.54 0.0498007
11.55 0.0498007
11.56 0.0498007
11.57 0.0498007
11.58 0.0498007
11.59 0.0498007
11.6 0.0498007
11.61 0.0498007
11.62 0.0498007
11.63 0.0498007
11.64 0.0498007
11.65 0.0498007
11.66 0.0498007
11.67 0.0498007
11.68 0.0498007
11.69 0.0498007
11.7 0.0498007
11.71 0.0498007
11.72 0.0498007
11.73 0.0498007
11.74 0.0498007
11.75 0.0498007
11.76 0.0498007
11.77 0.0498007
11.78 0.0498007
11.79 0.0498007
11.8 0.0498007
11.81 0.0498007
11.82 0.0498007
11.83 0.0498007
11.84 0.0498007
11.85 0.0498007
11.86 0.0498007
11.87 0.0498007
11.88 0.0498007
11.89 0.0498007
11.9 0.0498007
11.91 0.0498007
11.92 0.0498007
11.93 0.0498007
11.94 0.0498007
11.95 0.0498007
11.96 0.0498007
11.97 0.0498007
11.98 0.0498007
11.99 0.0498007
12 0.0498007
12.01 0.0498007
12.02 0.0498007
12.03 0.0498007
12.04 0.0498007
12.05 0.0498007
12.06 0.0498007
12.07 0.0498007
12.08 0.0498007
12.09 0.0498007
12.1 0.0498007
12.11 0.0498007
12.12 0.0498007
12.13 0.0498007
12.14 0.0498007
12.15 0.0498007
12.16 0.0498007
12.17 0.0498007
12.18 0.0498007
12.19 0.0498007
12.2 0.0498007
12.21 0.0498007
12.22 0.0498007
12.23 0.0498007
12.24 0.0498007
12.25 0.0498007
12.26 0.0498007
12.27 0.0498007
12.28 0.0498007
12.29 0.0498007
12.3 0.0498007
12.31 0.0498007
12.32 0.0498007
12.33 0.0498007
12.34 0.0498007
12.35 0.0498007
12.36 0.0498007
12.37 0.0498007
12.38 0.0498007
12.39 0.0498007
12.4 0.0498007
12.41 0.0498007
12.42 0.0498007
12.43 0.0498007
12.44 0.0498007
12.45 0.0498007
12.46 0.0498007
12.47 0.0498007
12.48 0.0498007
12.49 0.0498007
12.5 0.0498007
12.51 0.0498007
12.52 0.0498007
12.53 0.0498007
12.54 0.0498007
12.55 0.0498007
12.56 0.0498007
12.57 0.0498007
12.58 0.0498007
12.59 0.0498007
12.6 0.0498007
12.61 0.0498007
12.62 0.0498007
12.63 0.0498007
12.64 0.0498007
12.65 0.0498007
12.66 0.0498007
12.67 0.0498007
12.68 0.0498007
12.69 0.0498007
12.7 0.0498007
12.71 0.0498007
12.72 0.0498007
12.73 0.0498007
12.74 0.0498007
12.75 0.0498007
12.76 0.0498007
12.77 0.0498007
12.78 0.0498007
12.79 0.0498007
12.8 0.0498007
12.81 0.0498007
12.82 0.0498007
12.83 0.0498007
12.84 0.0498007
12.85 0.0498007
12.86 0.0498007
12.87 0.0498007
12.88 0.0498007
12.89 0.0498007
12.9 0.0498007
12.91 0.0498007
12.92 0.0498007
12.93 0.0498007
12.94 0.0498007
12.95 0.0498007
12.96 0.0498007
12.97 0.0498007
12.98 0.0498007
12.99 0.0498007
13 0.0498007
13.01 0.0498007
13.02 0.0498007
13.03 0.0498007
13.04 0.0498007
13.05 0.0498007
13.06 0.0498007
13.07 0.0498007
13.08 0.0498007
13.09 0.0498007
13.1 0.0498007
13.11 0.0498007
13.12 0.0498007
13.13 0.0498007
13.14 0.0498007
13.15 0.0498007
13.16 0.0498007
13.17 0.0498007
13.18 0.0498007
13.19 0.0498007
13.2 0.0498007
13.21 0.0498007
13.22 0.0498007
13.23 0.0498007
13.24 0.0498007
13.25 0.0498007
13.26 0.0498007
13.27 0.0498007
13.28 0.0498007
13.29 0.0498007
13.3 0.0498007
13.31 0.0498007
13.32 0.0498007
13.33 0.0498007
13.34 0.0498007
13.35 0.0498007
13.36 0.0498007
13.37 0.0498007
13.38 0.0498007
13.39 0.0498007
13.4 0.0498007
13.41 0.0498007
13.42 0.0498007
13.43 0.0498007
13.44 0.0498007
13.45 0.0498007
13.46 0.0498007
13.47 0.0498007
13.48 0.0498007
13.49 0.0498007
13.5 0.0498007
13.51 0.0498007
13.52 0.0498007
13.53 0.0498007
13.54 0.0498007
13.55 0.0498007
13.56 0.0498007
13.57 0.0498007
13.58 0.0498007
13.59 0.0498007
13.6 0.0498007
13.61 0.0498007
13.62 0.0498007
13.63 0.0498007
13.64 0.0498007
13.65 0.0498007
13.66 0.0498007
13.67 0.0498007
13.68 0.0498007
13.69 0.0498007
13.7 0.0498007
13.71 0.0498007
13.72 0.0498007
13.73 0.0498007
13.74 0.0498007
13.75 0.0498007
13.76 0.0498007
13.77 0.0498007
13.78 0.0498007
13.79 0.0498007
13.8 0.0498007
13.81 0.0498007
13.82 0.0498007
13.83 0.0498007
13.84 0.0498007
13.85 0.0498007
13.86 0.0498007
13.87 0.0498007
13.88 0.0498007
13.89 0.0498007
13.9 0.0498007
13.91 0.0498007
13.92 0.0498007
13.93 0.0498007
13.94 0.0498007
13.95 0.0498007
13.96 0.0498007
13.97 0.0498007
13.98 0.0498007
13.99 0.0498007
14 0.0498007
14.01 0.0498007
14.02 0.0498007
14.03 0.0498007
14.04 0.0498007
14.05 0.0498007
14.06 0.0498007
14.07 0.0498007
14.08 0.0498007
14.09 0.0498007
14.1 0.0498007
14.11 0.0498007
14.12 0.0498007
14.13 0.0498007
14.14 0.0498007
14.15 0.0498007
14.16 0.0498007
14.17 0.0498007
14.18 0.0498007
14.19 0.0498007
14.2 0.0498007
14.21 0.0498007
14.22 0.0498007
14.23 0.0498007
14.24 0.0498007
14.25 0.0498007
14.26 0.0498007
14.27 0.0498007
14.28 0.0498007
14.29 0.0498007
14.3 0.0498007
14.31 0.0498007
14.32 0.0498007
14.33 0.0498007
14.34 0.0498007
14.35 0.0498007
14.36 0.0498007
14.37 0.0498007
14.38 0.0498007
14.39 0.0498007
14.4 0.0498007
14.41 0.0498007
14.42 0.0498007
14.43 0.0498007
14.44 0.0498007
14.45 0.0498007
14.46 0.0498007
14.47 0.0498007
14.48 0.0498007
14.49 0.0498007
14.5 0.0498007
14.51 0.0498007
14.52 0.0498007
14.53 0.0498007
14.54 0.0498007
14.55 0.0498007
14.56 0.0498007
14.57 0.0498007
14.58 0.0498007
14.59 0.0498007
14.6 0.0498007
14.61 0.0498007
14.62 0.0498007
14.63 0.0498007
14.64 0.0498007
14.65 0.0498007
14.66 0.0498007
14.67 0.0498007
14.68 0.0498007
14.69 0.0498007
14.7 0.0498007
14.71 0.0498007
14.72 0.0498007
14.73 0.0498007
14.74 0.0498007
14.75 0.0498007
14.76 0.0498007
14.77 0.0498007
14.78 0.0498007
14.79 0.0498007
14.8 0.0498007
14.81 0.0498007
14.82 0.0498007
14.83 0.0498007
14.84 0.0498007
14.85 0.0498007
14.86 0.0498007
14.87 0.0498007
14.88 0.0498007
14.89 0.0498007
14.9 0.0498007
14.91 0.0498007
14.92 0.0498007
14.93 0.0498007
14.94 0.0498007
14.95 0.0498007
14.96 0.0498007
14.97 0.0498007
14.98 0.0498007
14.99 0.0498007
15 0.0498007
15.01 0.0498007
15.02 0.0498007
15.03 0.0498007
15.04 0.0498007
15.05 0.0498007
15.06 0.0498007
15.07 0.0498007
15.08 0.0498007
15.09 0.0498007
15.1 0.0498007
15.11 0.0498007
15.12 0.0498007
15.13 0.0498007
15.14 0.0498007
15.15 0.0498007
15.16 0.0498007
15.17 0.0498007
15.18 0.0498007
15.19 0.0498007
15.2 0.0498007
15.21 0.0498007
15.22 0.0498007
15.23 0.0498007
15.24 0.0498007
15.25 0.0498007
15.26 0.0498007
15.27 0.0498007
15.28 0.0498007
15.29 0.0498007
15.3 0.0498007
15.31 0.0498007
15.32 0.0498007
15.33 0.0498007
15.34 0.0498007
15.35 0.0498007
15.36 0.0498007
15.37 0.0498007
15.38 0.0498007
15.39 0.0498007
15.4 0.0498007
15.41 0.0498007
15.42 0.0498007
15.43 0.0498007
15.44 0.0498007
15.45 0.0498007
15.46 0.0498007
15.47 0.0498007
15.48 0.0498007
15.49 0.0498007
15.5 0.0498007
15.51 0.0498007
15.52 0.0498007
15.53 0.0498007
15.54 0.0498007
15.55 0.0498007
15.56 0.0498007
15.57 0.0498007
15.58 0.0498007
15.59 0.0498007
15.6 0.0498007
15.61 0.0498007
15.62 0.0498007
15.63 0.0498007
15.64 0.0498007
15.65 0.0498007
15.66 0.0498007
15.67 0.0498007
15.68 0.0498007
15.69 0.0498007
15.7 0.0498007
15.71 0.0498007
15.72 0.0498007
15.73 0.0498007
15.74 0.0498007
15.75 0.0498007
15.76 0.0498007
15.77 0.0498007
15.78 0.0498007
15.79 0.0498007
15.8 0.0498007
15.81 0.0498007
15.82 0.0498007
15.83 0.0498007
15.84 0.0498007
15.85 0.0498007
15.86 0.0498007
15.87 0.0498007
15.88 0.0498007
15.89 0.0498007
15.9 0.0498007
15.91 0.0498007
15.92 0.0498007
15.93 0.0498007
15.94 0.0498007
15.95 0.0498007
15.96 0.0498007
15.97 0.0498007
15.98 0.0498007
15.99 0.0498007
16 0.0498007
16.01 0.0498007
16.02 0.0498007
16.03 0.0498007
16.04 0.0498007
16.05 0.0498007
16.06 0.0498007
16.07 0.0498007
16.08 0.0498007
16.09 0.0498007
16.1 0.0498007
16.11 0.0498007
16.12 0.0498007
16.13 0.0498007
16.14 0.0498007
16.15 0.0498007
16.16 0.0498007
16.17 0.0498007
16.18 0.0498007
16.19 0.0498007
16.2 0.0498007
16.21 0.0498007
16.22 0.0498007
16.23 0.0498007
16.24 0.0498007
16.25 0.0498007
16.26 0.0498007
16.27 0.0498007
16.28 0.0498007
16.29 0.0498007
16.3 0.0498007
16.31 0.0498007
16.32 0.0498007
16.33 0.0498007
16.34 0.0498007
16.35 0.0498007
16.36 0.0498007
16.37 0.0498007
16.38 0.0498007
16.39 0.0498007
16.4 0.0498007
16.41 0.0498007
16.42 0.0498007
16.43 0.0498007
16.44 0.0498007
16.45 0.0498007
16.46 0.0498007
16.47 0.0498007
16.48 0.0498007
16.49 0.0498007
16.5 0.0498007
16.51 0.0498007
16.52 0.0498007
16.53 0.0498007
16.54 0.0498007
16.55 0.0498007
16.56 0.0498007
16.57 0.0498007
16.58 0.0498007
16.59 0.0498007
16.6 0.0498007
16.61 0.0498007
16.62 0.0498007
16.63 0.0498007
16.64 0.0498007
16.65 0.0498007
16.66 0.0498007
